Time 
1.0298
0.9084
0.9062
0.9095
0.9081
0.9091
0.9098
0.9040
0.9081
0.9050
0.9080
0.9048
0.9021
0.9105
0.9171
0.9092
0.9049
0.8960
0.9064
0.9109
0.9071
0.9037
0.9108
0.9036
0.9101
0.9048
0.9071
0.9054
0.9080
0.9058
0.9044
0.9002
0.9073
0.9089
0.9048
0.9072
0.9057
0.9038
0.9181
0.9084
0.9091
0.9081
0.9054
0.9118
0.9066
0.9059
0.9099
0.9023
0.9124
0.9160
0.9044
0.9042
0.9122
0.9064
0.9027
0.9049
0.9015
0.9082
0.9088
0.9072
0.9015
0.9036
0.9056
0.9071
0.9042
0.9047
0.9024
0.9030
0.9068
0.9005
0.9009
0.9027
0.9031
0.9061
0.9037
0.9071
0.9007
0.9041
0.9077
0.9028
0.9017
0.9106
0.9078
0.9059
0.9015
0.9034
0.9067
0.9033
0.9135
0.9030
0.9064
0.9057
0.9052
0.9067
0.9014
0.9023
0.9076
0.9147
0.9114
0.9001
