Time 
14.5480
3.8381
3.6682
3.6714
3.9427
4.3611
3.7589
3.7435
3.7731
4.0851
3.9681
3.7769
3.7494
3.7571
4.2195
3.8721
3.7114
3.7457
3.7603
3.7263
3.8127
3.7797
3.7601
3.7770
4.2649
6.5694
4.4188
3.7170
3.7460
3.7297
3.7690
3.7290
3.7525
3.7387
3.7400
3.8035
3.7194
3.7667
3.7316
3.7314
3.7912
3.7518
3.8020
3.7587
3.7497
3.8061
3.7813
4.1657
4.2053
4.1854
4.2115
4.2050
4.1636
4.1886
4.3829
4.2511
4.1534
4.1748
4.7198
4.8722
4.2001
4.1331
4.1872
4.5954
5.4949
5.3220
4.0618
4.1337
4.1203
4.1610
4.1268
4.1034
4.1489
4.1797
4.2037
4.1682
4.1618
4.1591
4.1838
4.1308
4.1253
4.1598
4.1119
4.1158
4.1926
4.1623
4.1603
4.1129
4.1112
4.1497
4.1385
4.1480
4.1196
4.1040
4.1469
4.1161
4.1241
4.1191
4.6271
4.2286
