Time 
6.6793
6.6274
6.3976
6.5789
6.4216
6.5951
6.4589
6.4091
6.6532
6.3274
6.5497
6.4352
6.5467
6.3284
6.5688
6.4510
6.3096
6.2923
6.3081
6.5062
6.3378
6.4786
6.3728
6.4364
6.4551
6.4265
6.3780
6.5076
6.3336
6.4581
6.3376
6.5517
6.4169
6.4147
6.6890
6.4749
6.4504
6.3406
6.5730
6.4405
6.4529
6.4488
6.4422
6.7015
6.4514
6.5019
6.4802
6.5523
6.3537
6.4517
6.3825
6.4893
6.3716
6.4362
6.4275
6.4021
6.4437
6.4761
6.6935
6.3833
6.4710
6.3502
6.5962
6.3577
6.3357
6.6091
6.4894
6.5436
6.5257
6.4346
6.4697
6.3607
6.4384
6.4242
6.6657
6.5968
6.4611
6.4573
6.3820
6.4652
6.3659
6.3355
6.6018
6.4593
6.3871
6.5161
6.3616
6.4691
6.5012
6.4402
6.7188
6.4872
6.3562
6.5811
6.4729
6.6023
6.6214
6.5519
6.6023
6.5698
