Time 
14.2778
3.8985
3.7303
3.7202
3.8144
4.1429
3.7630
3.7496
3.7724
4.1162
3.8936
3.8033
3.8092
4.1182
4.1277
4.1281
4.1174
4.0887
4.1335
4.1170
5.1827
4.1511
4.1205
4.1482
4.4216
4.9098
4.8563
4.1179
4.1376
4.1637
4.1958
4.1634
4.1660
4.1175
4.1390
4.1897
4.1534
4.1903
4.1213
4.0896
4.1245
4.0950
4.1393
4.1131
4.1162
4.1509
4.1205
4.1309
4.1057
4.1146
4.1670
4.1058
4.1198
4.1475
4.2913
4.1493
4.1373
4.1718
4.8043
5.1881
4.2036
4.1616
4.1597
4.8116
5.3364
5.3798
4.1207
4.1040
4.1043
4.1389
4.1156
4.1415
4.1295
4.1413
4.1777
4.1445
4.1562
4.1456
4.1323
4.2229
4.1275
4.1859
4.1276
4.1262
4.1579
4.1184
4.1544
4.1450
4.1514
4.1647
4.1288
4.1506
4.1222
4.1285
4.1385
4.0801
4.1442
4.0903
4.1192
4.1840
