Time 
6.8015
6.5628
6.6076
6.5423
6.5859
6.5699
6.5878
6.5763
6.5248
6.5830
6.5848
6.6141
6.5631
6.5608
6.6041
6.5634
6.5703
6.5911
6.5653
6.5855
6.6159
6.6068
6.6076
6.6124
6.5711
6.6149
6.6040
6.6008
6.5843
6.5959
6.5986
6.5968
6.5619
6.5850
6.5618
6.5930
6.6609
6.6087
6.5830
6.6233
6.5964
6.5881
6.5873
6.5635
6.6039
6.6362
6.5755
6.6151
6.6152
6.5948
6.5685
6.5958
6.6296
6.5841
6.6194
6.5719
6.5971
6.5538
6.6045
6.5903
6.6260
6.6323
6.5984
6.6071
6.5986
6.6210
6.5907
6.6150
6.6133
6.5885
6.5703
6.5851
6.5594
6.5723
6.5690
6.5727
6.5569
6.6022
6.6017
6.6135
6.6181
6.6001
6.6246
6.6691
6.5505
6.5792
6.6164
6.6364
6.5950
6.5713
6.6020
6.5883
6.5785
6.5708
6.5976
6.5713
6.5917
6.5780
6.5888
6.5857
