Time 
1.0269
0.9115
0.9095
0.9082
0.9116
0.9108
0.9182
0.9165
0.9077
0.9131
0.9114
0.9105
0.9163
0.9089
0.9130
0.9150
0.9131
0.9081
0.9077
0.9160
0.9179
0.9096
0.9082
0.9115
0.9135
0.9143
0.9143
0.9122
0.9143
0.9152
0.9096
0.9150
0.9156
0.9138
0.9084
0.9103
0.9063
0.9119
0.9099
0.9078
0.9138
0.9153
0.9188
0.9148
0.9087
0.9174
0.9112
0.9150
0.9121
0.9126
0.9112
0.9111
0.9189
0.9143
0.9119
0.9114
0.9088
0.9094
0.9177
0.9121
0.9123
0.9118
0.9090
0.9112
0.9116
0.9103
0.9065
0.9065
0.9101
0.9135
0.9182
0.9123
0.9161
0.9138
0.9121
0.9135
0.9058
0.9139
0.9154
0.9187
0.9073
0.9024
0.9040
0.9038
0.9033
0.9028
0.9047
0.9039
0.9062
0.9083
0.9070
0.9097
0.9106
0.9098
0.9074
0.9188
0.9039
0.9101
0.9128
0.9109
