Time
2.3563
2.2231
2.2273
2.2229
2.2203
2.2231
2.2211
2.2202
2.2223
2.2258
2.2163
2.2143
2.2175
2.2252
2.2208
2.2174
2.2250
2.2187
2.2205
2.2150
2.2183
2.2189
2.2127
2.2166
2.2168
2.2218
2.2079
2.2188
2.2212
2.2203
2.2234
2.2204
2.2239
2.2179
2.2249
2.2163
2.2142
2.2175
2.2154
2.2193
2.2226
2.2217
2.2179
2.2161
2.2167
2.2205
2.2171
2.2203
2.2243
2.2203
2.2218
2.2170
2.2193
2.2155
2.2155
2.2229
2.2169
2.2190
2.2123
2.2166
2.2205
2.2167
2.2244
2.2173
2.2189
2.2186
2.2267
2.2168
2.2214
2.2197
2.2189
2.2191
2.2181
2.2211
2.2176
2.2218
2.2169
2.2295
2.2548
2.2576
2.2610
2.3477
2.3016
2.2888
2.2918
2.2936
2.2992
2.2393
2.3201
2.2232
2.2797
2.2893
2.2218
2.2194
2.2171
2.2208
2.2235
2.2187
2.2419
2.2414
