Time 
32.2426
32.0517
31.9750
31.9307
32.1083
32.0260
32.0117
32.1980
31.9683
32.1112
31.9973
31.9832
31.8532
31.9191
31.8876
32.0789
32.0732
32.1248
32.1192
32.1701
31.9714
31.9472
32.1595
32.0066
32.0042
32.1284
32.2549
32.1073
32.0137
32.1541
32.0105
32.0594
31.8934
32.0960
32.1387
31.9316
31.9911
31.9265
31.9833
32.0703
31.9603
32.1303
32.1715
32.2436
32.0409
32.1610
32.0635
32.2329
32.0662
32.0436
31.9326
31.8584
31.9175
31.9943
32.1611
31.9472
32.0912
31.9433
32.1904
31.9712
32.0102
32.1535
32.2448
32.0633
32.0360
32.0429
32.0637
32.0769
32.1147
32.0010
31.8780
31.8403
32.0066
32.0262
32.1534
31.9649
31.8907
32.1411
32.1807
32.0887
31.9975
32.1507
32.1832
32.0338
32.2566
32.2163
32.3682
32.0767
32.0963
31.8920
32.0823
31.9007
32.0159
31.9560
32.1865
32.1480
32.2173
32.2322
32.2151
32.2327
