Time 
11.7628
6.7833
6.3355
6.3878
6.3150
6.3691
6.4004
6.3809
6.3578
6.5155
6.2962
6.3474
6.3556
6.3064
6.3675
6.4416
6.3134
6.3100
6.4154
6.3687
6.3319
6.2785
6.2769
6.2027
6.2246
7.0040
7.1063
6.2902
6.3656
6.3688
6.4436
6.4606
6.3492
6.3048
6.2667
6.4209
6.2733
6.4075
6.3614
6.3573
6.3793
6.4237
6.2080
6.2826
6.2139
6.3383
6.3413
6.3868
5.9620
6.2500
6.2596
6.2362
6.3284
6.2877
6.1695
6.1964
6.3193
6.3049
10.7736
14.3618
6.4741
6.3132
6.2724
6.7751
7.2937
7.4042
6.1132
6.2591
6.2897
6.2110
6.3355
6.2876
6.2322
6.2407
6.2180
6.3465
6.3791
6.3017
6.2841
6.3187
6.2023
6.2960
6.2655
6.2076
6.2890
6.2120
6.2582
6.2287
6.1759
6.2233
6.3593
6.2762
6.2224
6.3272
6.3512
6.3469
6.2853
6.3824
6.3679
6.3106
