Time 
32.2984
32.0943
31.8978
31.9485
31.9533
32.1485
31.9705
31.9820
31.9818
32.2007
31.9812
31.9984
32.0037
32.0331
32.0431
32.0553
31.8765
32.0807
31.8799
31.9124
32.1173
31.9475
31.9555
32.1433
31.9834
32.1747
31.9925
32.2113
32.0072
32.2265
32.0477
32.0331
32.2620
32.0810
32.1267
31.8540
32.0643
31.8849
32.0869
31.9137
32.1089
31.9195
31.9561
32.1569
32.1936
32.0348
32.2205
32.0363
32.2414
32.0721
32.0542
32.2595
32.2526
32.0902
31.9606
31.8638
31.9079
32.0909
32.1230
32.1290
32.1472
31.9495
32.1782
32.1672
32.0275
32.0208
32.0195
32.0081
32.2426
32.0800
32.2753
32.2757
32.0833
32.0698
31.8922
31.9295
31.9469
32.1043
32.1393
32.0161
32.1465
31.9182
31.8879
31.9012
31.9418
31.9358
32.0042
31.9598
31.9675
31.9042
31.9025
31.9114
31.9211
31.8632
31.8717
31.8963
31.8944
31.9340
31.9352
31.9417
