Time 
2.3892
2.2617
2.2755
2.2660
2.2588
2.2672
2.2734
2.2631
2.2642
2.2618
2.2565
2.2539
2.2598
2.2773
2.2698
2.2676
2.2547
2.2752
2.2501
2.2512
2.2552
2.2637
2.2596
2.2549
2.2650
2.2715
2.2686
2.2652
2.2481
2.2622
2.2730
2.2590
2.2593
2.2621
2.2606
2.2623
2.2601
2.2644
2.2626
2.2622
2.2500
2.2526
2.2510
2.2614
2.2613
2.2607
2.2685
2.2538
2.2541
2.2558
2.2559
2.2712
2.2426
2.2660
2.2491
2.2585
2.2607
2.2636
2.2514
2.2633
2.2513
2.2652
2.2692
2.2536
2.2657
2.2579
2.2560
2.2532
2.2630
2.2553
2.2723
2.2522
2.2602
2.2692
2.2536
2.2532
2.2562
2.2779
2.2666
2.2498
2.2701
2.2472
2.2709
2.2712
2.2572
2.2563
2.2572
2.2547
2.2559
2.2681
2.2619
2.2480
2.2698
2.2617
2.2612
2.2492
2.2557
2.2622
2.2412
2.2497
