Time 
18.0445
7.0799
6.5427
6.4471
6.4804
6.8287
6.3665
6.3444
6.3772
6.7094
6.3817
6.3383
6.3392
6.4292
6.3592
6.2301
6.3612
6.3139
6.3675
6.8385
7.4749
6.3959
6.3862
6.4216
6.3766
8.3857
7.0999
6.2850
6.3631
6.3079
6.4611
6.3223
6.3521
6.4161
6.2683
6.3433
6.3226
6.3358
6.3387
6.3812
6.4917
6.3601
6.3583
6.4077
6.4362
6.4325
6.4267
6.4508
6.2578
6.2100
6.3672
6.2182
6.1427
6.2030
6.5017
6.3664
6.1971
6.4547
7.0564
7.3889
6.4431
6.3437
6.3905
6.8555
7.4451
7.6364
6.3516
6.3612
6.3441
6.3919
6.3121
6.4220
6.3871
6.3964
6.3711
6.4063
6.3925
6.2114
6.2157
6.3279
6.3773
6.3307
6.3456
6.3066
6.4034
6.3528
6.3114
6.3035
6.2680
6.3089
6.2308
6.3283
6.4236
6.2854
6.4786
6.3652
6.4261
6.3426
8.7716
6.3802
