Time 
2.6463
2.5154
2.5165
2.4954
2.5313
2.5736
2.5355
2.5664
2.5598
2.5015
2.5136
2.5081
2.4945
2.5118
2.5910
2.5316
2.5514
2.5547
2.5249
2.5160
2.5150
2.5133
2.5138
2.5035
2.5336
2.5457
2.5185
2.5227
2.5641
2.5582
2.5134
2.5271
2.5187
2.5271
2.5122
2.5042
2.5627
2.5411
2.5397
2.5051
2.5287
2.5096
2.5103
2.5073
2.5123
2.5053
2.5010
2.5079
2.4824
2.4955
2.4972
2.5102
2.5038
2.4975
2.4927
2.5039
2.5024
2.4977
2.5070
2.5078
2.5020
2.4883
2.4979
2.4838
2.4920
2.4939
2.5010
2.5000
2.4992
2.4990
2.4947
2.5025
2.4956
2.4955
2.4994
2.4969
2.5038
2.5045
2.5038
2.4940
2.4814
2.4984
2.4956
2.4942
2.5034
2.4907
2.5029
2.5029
2.4967
2.4925
2.5253
2.5041
2.4972
2.5037
2.4946
2.5045
2.4964
2.5016
2.5068
2.5033
