Time 
30.7808
30.6093
30.5607
30.5709
30.7278
30.6673
30.7503
30.6572
30.7032
30.6990
30.7688
30.7388
30.5482
30.6142
30.6381
30.7187
30.5812
30.6478
30.5957
30.6704
30.6535
30.6484
30.7621
30.6916
30.6868
30.6405
30.7968
30.7231
30.6886
30.6495
30.7916
30.7499
30.5682
30.5767
30.7722
30.6646
30.6347
30.6270
30.6833
30.6628
30.6722
30.6908
30.6222
30.6163
30.8295
30.7499
30.7292
30.5566
30.8941
30.7589
30.7993
30.7291
30.6185
30.5502
30.6811
30.5902
30.6699
30.6102
30.5148
30.6221
30.6412
30.7643
30.6001
30.7140
30.7193
30.8288
30.5997
30.6113
30.7899
30.7138
30.8350
30.6370
30.5771
30.5720
30.6268
30.5713
30.5662
30.6052
30.6199
30.5434
30.6815
30.7353
30.7285
30.6712
30.6007
30.7659
30.8109
30.7706
30.7287
30.8069
30.6419
30.5016
30.6361
30.6695
30.6544
30.6182
30.6359
30.6218
30.6795
30.5484
