Time 
17.7272
6.7343
6.1262
5.9499
6.2387
5.9730
6.0109
5.9056
5.8404
6.3209
5.9846
6.2987
5.9746
5.8669
5.9265
5.8472
5.9571
5.9641
5.9038
5.8440
5.8965
7.0062
6.0535
5.9912
6.1531
6.6543
5.9566
5.9266
5.9867
5.9030
5.9497
5.8762
5.8976
5.9118
5.8516
5.8748
5.9555
5.9039
5.9684
5.8482
5.8840
5.9287
5.9265
5.9435
5.8835
5.9407
5.9428
5.9124
5.9416
5.9736
5.9788
5.9860
5.9663
6.2165
5.9198
7.6531
5.9912
5.9969
6.8280
6.4241
7.1135
5.9951
5.8983
6.6390
7.0086
5.8377
5.8774
5.9861
5.9113
5.9085
5.9142
5.8313
5.8857
5.8760
5.9250
6.0053
5.8604
5.9078
5.9948
5.9532
5.9446
5.9349
6.0030
5.8918
5.8982
5.9668
5.9087
6.0207
6.0362
5.9439
6.0386
5.8662
5.9424
5.8720
5.9271
6.0001
5.8963
6.0157
5.8884
5.8396
