Time 
17.5061
6.5076
5.7576
5.5935
5.7407
5.7209
6.1212
5.6357
5.7004
6.0554
5.6056
5.6518
5.6389
5.6640
5.8167
5.6365
6.1097
5.7698
5.6399
5.7470
5.6692
5.9777
5.5903
5.6264
5.9929
6.2947
5.6334
5.7192
5.7504
5.6051
5.7031
5.7761
5.6275
5.6712
5.6741
5.6908
5.7758
5.6370
5.7360
5.6462
5.6475
5.7298
5.6696
5.8403
5.7676
5.7257
5.8538
5.9814
6.0465
5.9111
7.8006
6.0955
5.9497
7.9929
6.0888
11.2170
6.0464
5.9153
6.1431
5.9444
6.7877
5.9919
5.9676
7.8468
7.1477
5.9615
5.9881
6.0009
5.9196
5.9378
5.9844
5.9885
6.0016
5.9498
5.9293
5.9905
5.9271
5.9632
5.8952
5.6719
5.7368
5.7181
5.7268
5.7329
5.7202
5.7259
5.6984
5.5993
5.5493
5.5716
5.5620
5.5505
5.5620
5.6223
5.6728
5.6888
5.6707
5.7952
5.7943
5.7296
