Time 
30.6728
30.4973
30.2669
30.3632
30.5807
30.1399
30.5498
30.4726
30.1400
30.5352
30.2797
30.4231
30.6277
30.2994
30.5435
30.4879
30.6003
30.5384
30.6460
30.4925
30.5385
30.3897
30.4816
30.5182
30.4912
30.3110
30.3134
30.3949
30.1643
30.6153
30.3493
30.5660
30.3734
30.4921
30.4984
30.2583
30.5498
30.6828
30.4973
30.5580
30.4400
30.5916
30.4565
30.4866
30.3736
30.3794
30.4485
30.3893
30.3402
30.4806
30.5256
30.3490
30.6460
30.6311
30.3907
30.5243
30.4597
30.4836
30.3132
30.5858
30.6812
30.5572
30.4346
30.3806
30.4858
30.3117
30.4865
30.2292
30.4613
30.4891
30.3308
30.6549
30.4153
30.3971
30.5682
30.7268
30.7165
30.5975
30.5221
30.4701
30.6798
30.5510
30.4164
30.2283
30.7154
30.5359
30.4142
30.4341
30.4408
30.6120
30.4453
30.3937
30.6101
30.5546
30.4741
30.5407
30.5577
30.4105
30.4721
30.5179
