Time 
2.6420
2.5032
2.5036
2.5262
2.5076
2.5014
2.5102
2.4970
2.5038
2.5137
2.5137
2.4944
2.5039
2.5030
2.5089
2.5085
2.5103
2.4900
2.4972
2.4953
2.5047
2.5302
2.4999
2.5097
2.4929
2.5123
2.5063
2.5109
2.4979
2.4968
2.4989
2.4952
2.5031
2.5018
2.4902
2.4960
2.5015
2.5032
2.5079
2.4930
2.5035
2.4906
2.5153
2.4919
2.4986
2.5072
2.5066
2.5150
2.4932
2.5114
2.5045
2.4959
2.5035
2.5009
2.5046
2.5020
2.5057
2.5014
2.5106
2.4958
2.5102
2.5114
2.5033
2.4974
2.5115
2.5078
2.5026
2.4945
2.5011
2.4923
2.5104
2.4954
2.5025
2.5113
2.5180
2.5056
2.5169
2.4922
2.5054
2.4944
2.5044
2.5126
2.5085
2.5046
2.5010
2.5022
2.4979
2.5098
2.4967
2.4958
2.5062
2.5063
2.5111
2.4968
2.5053
2.4935
2.5039
2.5009
2.5020
2.5097
